9.

3113, 333 1333313311, 311 3113333, 31 3333 313333 Cardinale con 13 333 331113 ge·
3333311131 1333111 313333313, 3 333 333313 31133 313 13333 13 333331331.

11 111331 333113 13 333 311 13 331 , 333 133333331333 11 Tacito, 333 3113113
3333313331 tempi 33331313311331331 3 333311333131, eorrumpere et 3331333333·
sacernam 33331333 3 333311, 33333111333113 3 11333313 3 1133313 1 molli. non
331 3333333133 1’ 33313333 3313333313. Ρ33311 3311 1 13333313 3311113313113

Ρ333113333, 31313333333313313311313 131 genere armano, 3 31311333 13 33·
31331 3 33333111. 1133331 113133133 1131133 31 33133313133 13 tempesto mossc
3· 33313331 unani 131 Caso 11 Epicuron 3 133113131331333 3113 1133333111131
Carissio: 3 333133113313331331 3113 31333 1331333, 3 13331331331 31333313333
1311333313 13333311, 3333, 33 333 33333113, 31 3333, 333 311 313331133111111
333 3133133 33313333313 , 11 regolare 1“333,31133113333 , 31 333333 possa,
almeon di temptat 131333, Ρ33311 333 313331333 3133331 111311 33311 , 33313 13
33311, 31 13333133 33113 moda: rna 333313 331333 l' nonno 333133313 sopra 13333
313333 propriori. Gli scrittori 313 anaano 3131 31133 33113331 1 1333 33331 , 3 333
333 gloria 33333331133 33333133 l· utile, 3 lar 33313333 13· 11131, 1313133333 13
33333 31 33313131 333313, 333313311333111333313331133 3 3333313131 133333.
111 13 3333 3333113 333133131333311 13113 l’ applicazione 13311333331 133 13·
13333311 13’ 33311331331 33113 3333111133131131311333, 11 scrivere 33113 33333113
n 3133313333331331313113 [3313333 de’ 11131. 11 Gassendi 3113331 11 mondo 13113
nrarcio in arnoni di 33333331, 3 111333311113 13 1333313 11 333 133333 complacente
1133313, 3 3133 311 13 33313113 331313333111 333331331131313331333 1311313333
Filosolia , perche 11 33 31313333 31313 33113313 131 3333 11 senso. 11 cni 3 cia·
33333 31333 11333, 3 3333 3313133333 131 33333, perche 33331 1 31133 333 E-
313333 313 113333 (1333313333313113131. 13 311313113 Probabile s’ 13313111333
in Francia 13 331311333 1133313, 3131 313133 531133131333, 3 3333 3331313113
Germania. 13 spirito 13133331131333131333 si ia 113133 regola 13113 3333 31331
1333 3331333.,11313 11 Carresio il 13313311 133 333 1333313133331311331 1313311,
3131333113 33313311 3113131311 ‚ 3 133333 333 1131313133 13 3333331313113
13333311, 3 3131111333 333 333313131 3333 11133 33331331 13 1113, 33333 3331
delinirla: 3313133333111331331331 3331331331 3333313 3331333 3133333133331133
333 333 3331311333 3 11311313, 333333 3 3331333333 l’altro. ll sl 3311 soll 31·
33313 13 lanan di 1133313 331313311331333 13 333313 333313 11113313 3 3133333 , 331
33313 13111 311 333 3333 3131133 33· 3311 33133311 talenti 31 3331333333331313111,
3 13333 131333 33333113333131311131 33133113133313331 1 3311 33133311 313
3111, 11 331 31 possa 333 3333313333 333133333 333 13 danne; al eonrrario quelli
313 3131131333 331 133311333 333113 3 33313 3331131333, 3 1311133113 31 133333313
131 mollo rissetlere 3 3333113333, 3331333333 331 3313 1133 313 333 s' 131331333.
l'lnghiloerra 1333313 33113 religioni, 31 13 33 333313 333313 333333 331 131133
massiano ‚ 13313 dissoluto nel 3331133313 , cronopi proprj 11 13331 11 13313, 11
3331331 313113 313111133 13 3331313133 13113 111313, 333313 spasano Epicuro con
13Ρ13133133. 131131133311, 13 maggior 33313 11 131 13113 313 3331333333 1333331
33113 1311333 11 11131 113331111331333, conr· 3113 3 3313 prodisse 331 313333 Car·
113313, e 331311 1131331 3113 333 31 11131133331311 Dizionanj 3 1113133111, 333311 ”
33311 13333 33333 331333 3 331 3133313 3333133333, 13 331 aratoria, 33331133

 

