¹15

3331333313333311333311 3333313333, conoe 31131 medicamenti pur 113331333 ¹
di 33 311 grandi ‚ 33311333311 111131131133, 13333331313113 13313333, 31 3331
133131331133133 purgante 1333133 1313331313133 ; 11 quud 3331333 333133 333-
giemo 31333131333313311 signori, i (33311 si 31331333 11 3333133333313 dispensare
311 333, 311 31133 31113333 33331133 333 11 331331 313 13333311333 13 331313 13311
333131 z 3 11 113 113311113333 31 3333133311 33333 principi 13113 11331 83313131
1331133, 13 33313 333 1331131 3333333 11331131, 133311 13 quel 33333 333 no·
bilissimi; 3 13 Cosa 131133 11331111 Tuscana 133 13 31133 333313 3333113333
33113 333 13313313. 11 3333 1313333331331311331131333333133131 i quali 333
uuo 3311131333 31 1333 33313131 11313333 33333313 , 333311 1331333 313333 13 33-
31111311 1313313313, 3331333 13 3331331 331333111113131 33313333 33311113 33
3133133333 31313133311 13333 13 tempo 313331 333311 133111 F isica 3 11 11311-
cina. 01133311 questi 111313333333333331331311133333 3333311311 13 13113 13 113· s
333 3133311, 313333 333 13 313313 3313313133 13313 331333, 31313 131311 333-
suad 333 3333 33313, 31 13 3133333313 1313331113 131113 11 quusi 13113 11 genere
33333. cio 313 13113113133333113133133311 131 131133, 313 13 13113333 333313
3333113333 11 333133 33111 1331311333 11 131 333131333 31 313333333’3113331133
13113 33313113 313 3113133313. 1131131 1 313133113 133 311331331331331311311313-
33333 1333113, 333113313333313 33311 , 333 3333333311313 3113 1133 33311313 131133 v
13 3313313311 3333, 3 1 13333313 31311313 313 333333 33333331 33333 13 33313
13 frasi 333133 33311313 11311333. Quindi 331 13313333 questi ourei 111311333313
133 cose 33133133133313 dinanzi 3311 33311, 13 333111 do' 3331133311 3333333313-
1313, 3 13 1333111131133333331331 33333333 3331131331311333. E 3331131333333
13113-333111, 11313333 3113 3331 13113311, 13 33311 333 3133333313113313131131-
13 3311 , 3311 333113313333313 33113 13133133, 3333 13 prudenza 11 3131131333, 311
consignato con 33333311 333331133131 3331333331. 13313 1333111331311313113
putero 31311313 133133 1 33133131 133111 131131 11 11313 3313333 31311131 3333 31
3113133311 , 333 13331133313333333313 33333 13 333133 3331333131 33313 3 313333
313 13 13 3331133 131133 1333113 : 3 3333111333 1333313 , 333 13 1133333 11313113-
1333, 313333 3331313 3311313, 13 33311 3333 senza 33131 decessioni 1333331333
33 313333313 , 13333 33333 3 333333313 3333 3331133 decurione. Prendi adunque,
311333313133311333, 3 1333333 questu 13133311331331131331333 eon 3313311333·
3133331333 ; 113331 33133 3331333313 333 3331 13 33333, 33 33313 prendi 3 133-
3333 313333 333 333 13111333313333133111 11 131331131311333113313333 313-
1133333 33 questo 3113331333, 313131 133 31311313 13 3 313113333 11 333333 de'
doui: 3 333 333113, 31 13113, 311 voglio, 3333113331311313113331131313333
333313 discernere i 3331331 (3333113113 3333, 13 33311 133 1333 3 33313 3331311333,
3313 31 31113 13333 333333 13 33333113 13 333333111, 33 13 331 3133113 1 oppro-
3331133333113111133311333 giudice di uuor 1131113 31 equanirno , 311 333333311
333 33 inuidioso divido 3113333313. 1131131133, 313 1 filosofi diffiniscouo: con 33-
1313 3 333 33313333.

Vico. Opuscodr'.

 

